  2 60
  .000000E+00   .100000E+01
  .845593E-11   .990588E+00
  .219283E+01   .981245E+00
  .265569E+02   .969965E+00
  .977006E+02   .956972E+00
  .226873E+03   .942053E+00
  .422363E+03   .925029E+00
  .691977E+03   .905729E+00
  .104273E+04   .884003E+00
  .148049E+04   .859721E+00
  .200956E+04   .832791E+00
  .263230E+04   .803161E+00
  .334871E+04   .770832E+00
  .415599E+04   .735864E+00
  .504830E+04   .698383E+00
  .601648E+04   .658590E+00
  .704798E+04   .616756E+00
  .812690E+04   .573228E+00
  .923427E+04   .528417E+00
  .103484E+05   .482792E+00
  .114457E+05   .436871E+00
  .125011E+05   .391195E+00
  .134890E+05   .346320E+00
  .143842E+05   .302793E+00
  .151629E+05   .261134E+00
  .158029E+05   .221821E+00
  .162849E+05   .185276E+00
  .165925E+05   .151856E+00
  .167125E+05   .121845E+00
  .166354E+05   .954541E-01
  .163553E+05   .728143E-01
  .158812E+05   .538732E-01
  .152357E+05   .384128E-01
  .144436E+05   .261586E-01
  .135322E+05   .167919E-01
  .125302E+05   .995912E-02
  .114676E+05   .528030E-02
  .103751E+05   .235711E-02
  .928407E+04   .779776E-03
  .822613E+04   .133041E-03
  .723286E+04   .104211E-05
  .633283E+04   .000000E+00
  .552957E+04   .000000E+00
  .481416E+04   .000000E+00
  .417810E+04   .000000E+00
  .361347E+04   .000000E+00
  .311294E+04   .000000E+00
  .266977E+04   .000000E+00
  .227781E+04   .000000E+00
  .193148E+04   .000000E+00
  .162572E+04   .000000E+00
  .135599E+04   .000000E+00
  .111819E+04   .000000E+00
  .908662E+03   .000000E+00
  .724145E+03   .000000E+00
  .561725E+03   .000000E+00
  .418811E+03   .000000E+00
  .293106E+03   .000000E+00
  .182570E+03   .000000E+00
  .854004E+02   .000000E+00
  .000000E+00   .000000E+00
