20,21d19
<  bgsps    610    0    1     3.0      0      0      0   4.0   3.0   1.0   4.0  0.000300     0    0.     0.      0
<  cwbps    620    0    1     3.0      0      0      0   4.0   3.0   1.0   4.0  0.000300     0    0.     0.      0
29,30d26
<  bgst     610    0    1     3.0      0      0      0   8.0   5.6   1.3   8.0  0.000001     0    0.     0.      0
<  cwbt     620    0    1     3.0      0      0      0   8.0   5.6   1.3   8.0  0.000001     0    0.     0.      0
44,45d39
<  bgsq     610    0    1     3.0      0      0      0   8.0 100.0  10.0   8.0  0.000500     0    0.     0.      0
<  cwbq     620    0    1     3.0      0      0      0   8.0 100.0  10.0   8.0  0.000500     0    0.     0.      0
87,88d80
<  bgsuv    710    0    1     3.0      0      0      0   8.0   6.1   1.4   8.0  0.000001     0    0.     0.      0
<  cwbuv    720    0    1     3.0      0      0      0   8.0   6.1   1.4   8.0  0.000001     0    0.     0.      0
157a150,157
>  cwbps    620    0    1     3.0      0      0      0   4.0   3.0   1.0   4.0  0.000300     0    0.     0.      0
>  bgsps    610    0    1     3.0      0      0      0   8.0   3.0   1.0   4.0  0.000000     0    0.     0.      0
>  cwbt     620    0    1     3.0      0      0      0   8.0   5.6   1.3   8.0  0.000001     0    0.     0.      0
>  bgst     610    0    1     3.0      0      0      0  16.0   5.6   1.3   8.0  0.000000     0    0.     0.      0
>  cwbq     620    0    1     3.0      0      0      0   8.0 100.0  10.0   8.0  0.000500     0    0.     0.      0
>  bgsq     610    0    1     3.0      0      0      0  16.0 100.0  10.0   8.0  0.000000     0    0.     0.      0
>  cwbuv    720    0    1     3.0      0      0      0   8.0   6.1   1.4   8.0  0.000001     0    0.     0.      0
>  bgsuv    710    0    1     3.0      0      0      0  16.0   6.1   1.4   8.0  0.000000     0    0.     0.      0
