  60
 0.990588E+00
 0.981267E+00
 0.970231E+00
 0.957949E+00
 0.944322E+00
 0.929253E+00
 0.912649E+00
 0.894430E+00
 0.874526E+00
 0.852887E+00
 0.829484E+00
 0.804319E+00
 0.777424E+00
 0.748866E+00
 0.718755E+00
 0.687236E+00
 0.654497E+00
 0.620760E+00
 0.586276E+00
 0.551328E+00
 0.516206E+00
 0.481210E+00
 0.446635E+00
 0.412763E+00
 0.379850E+00
 0.348125E+00
 0.317781E+00
 0.288970E+00
 0.261808E+00
 0.236367E+00
 0.212685E+00
 0.190770E+00
 0.170595E+00
 0.152114E+00
 0.135261E+00
 0.119956E+00
 0.106108E+00
 0.936205E-01
 0.823943E-01
 0.723296E-01
 0.633283E-01
 0.552957E-01
 0.481416E-01
 0.417810E-01
 0.361347E-01
 0.311294E-01
 0.266977E-01
 0.227781E-01
 0.193148E-01
 0.162572E-01
 0.135599E-01
 0.111819E-01
 0.908662E-02
 0.724145E-02
 0.561725E-02
 0.418811E-02
 0.293106E-02
 0.182570E-02
 0.854004E-03
